255 255 255 255 255 255 255 255 255 255 255 255 255 255 255 255
255 255 255 255 255 255 255 255 255 255 255 255 255 255 255 255
255 255   0   0   0   0   0   0   0   0   0   0   0   0 255 255
255 255   0   0   0   0   0   0   0   0   0   0   0   0 255 255
255 255   0   0   0   0   0   0   0   0   0   0   0   0 255 255
255 255   0   0   0 255 240 255   0 255 255   0   0   0 255 255
255 255   0   0   0 240 226   0 240 240 240   0   0   0 255 255
255 255   0   0   0 255 240   0 255   0   0   0   0   0 255 255
255 255   0   0   0 255 240   0   0   0   0   0   0   0 255 255
255 255   0   0   0 255 240 255 255 255   0   0   0   0 255 255
255 255   0   0   0 255 240   0   0 255   0   0   0   0 255 255
255 255   0   0   0   0   0   0   0   0   0   0   0   0 255 255
255 255   0   0   0   0   0   0   0   0   0   0   0   0 255 255
255 255   0   0   0   0   0   0   0   0   0   0   0   0 255 255
255 255 255 255 255 255 255 255 255 255 255 255 255 255 255 255
255 255 255 255 255 255 255 255 255 255 255 255 255 255 255 255
255 255 255 255 255 255 255 255 255 255 255 255 255 255 255 255
255 255 255 255 255 255 255 255 255 255 255 255 255 255 255 255
255 255   0   0   0   0   0   0   0   0   0   0   0   0 255 255
255 255   0   0   0   0   0   0   0   0   0   0   0   0 255 255
255 255   0   0   0   0   0   0   0   0   0   0   0   0 255 255
255 255   0   0   0 255 240 255   0 255 255   0   0   0 255 255
255 255   0   0   0 240 226   0 240 240 240   0   0   0 255 255
255 255   0   0   0 255 240   0 255   0   0   0   0   0 255 255
255 255   0   0   0 255 240   0   0   0   0   0   0   0 255 255
255 255   0   0   0 255 240 255 255 255   0   0   0   0 255 255
255 255   0   0   0 255 240   0   0 255   0   0   0   0 255 255
255 255   0   0   0   0   0   0   0   0   0   0   0   0 255 255
255 255   0   0   0   0   0   0   0   0   0   0   0   0 255 255
255 255   0   0   0   0   0   0   0   0   0   0   0   0 255 255
255 255 255 255 255 255 255 255 255 255 255 255 255 255 255 255
255 255 255 255 255 255 255 255 255 255 255 255 255 255 255 255
255 255 255 255 255 255 255 255 255 255 255 255 255 255 255 255
255 255 255 255 255 255 255 255 255 255 255 255 255 255 255 255
255 255   0   0   0   0   0   0   0   0   0   0   0   0 255 255
255 255   0   0   0   0   0   0   0   0   0   0   0   0 255 255
255 255   0   0   0   0   0   0   0   0   0   0   0   0 255 255
255 255   0   0   0 255 240 255   0 255 255   0   0   0 255 255
255 255   0   0   0 240 226   0 240 240 240   0   0   0 255 255
255 255   0   0   0 255 240   0 255   0   0   0   0   0 255 255
255 255   0   0   0 255 240   0   0   0   0   0   0   0 255 255
255 255   0   0   0 255 240 255 255 255   0   0   0   0 255 255
255 255   0   0   0 255 240   0   0 255   0   0   0   0 255 255
255 255   0   0   0   0   0   0   0   0   0   0   0   0 255 255
255 255   0   0   0   0   0   0   0   0   0   0   0   0 255 255
255 255   0   0   0   0   0   0   0   0   0   0   0   0 255 255
255 255 255 255 255 255 255 255 255 255 255 255 255 255 255 255
255 255 255 255 255 255 255 255 255 255 255 255 255 255 255 255

255 255 255 255 255 255 255 255 255 255 255 255 255 255 255 255
255 214 153 153 153 153 153 153 153 153 153 153 153 153 214 255
255 153   0   0   0   0   0   0   0   0   0   0   0   0 153 255
255 153   0   0   0   0   0   0   0   0   0   0   0   0 153 255
255 153   0   0  10  51  51  51  51  51  51  10   0   0 153 255
255 153   0   0  51 144 151 160 155 159 183  51   0   0 153 255
255 153   0   0  51 144 150 137  80 127 165  51   0   0 153 255
255 153   0   0  51 153  99  97 115 130 127  51   0   0 153 255
255 153   0   0  51 191 136  94 117  71 134  51   0   0 153 255
255 153   0   0  51 147 149 105 125 147 149  51   0   0 153 255
255 153   0   0  51 139 144 171 154 144 144  51   0   0 153 255
255 153   0   0  10  51  51  51  51  51  51  10   0   0 153 255
255 153   0   0   0   0   0   0   0   0   0   0   0   0 153 255
255 153   0   0   0   0   0   0   0   0   0   0   0   0 153 255
255 214 153 153 153 153 153 153 153 153 153 153 153 153 214 255
255 255 255 255 255 255 255 255 255 255 255 255 255 255 255 255
255 255 255 255 255 255 255 255 255 255 255 255 255 255 255 255
255 214 153 153 153 153 153 153 153 153 153 153 153 153 214 255
255 153   0   0   0   0   0   0   0   0   0   0   0   0 153 255
255 153   0   0   0   0   0   0   0   0   0   0   0   0 153 255
255 153   0   0  10  51  51  51  51  51  51  10   0   0 153 255
255 153   0   0  51 144 151 160 155 159 183  51   0   0 153 255
255 153   0   0  51 144 150 137  80 127 165  51   0   0 153 255
255 153   0   0  51 153  99  97 115 130 127  51   0   0 153 255
255 153   0   0  51 191 136  94 117  71 134  51   0   0 153 255
255 153   0   0  51 147 149 105 125 147 149  51   0   0 153 255
255 153   0   0  51 139 144 171 154 144 144  51   0   0 153 255
255 153   0   0  10  51  51  51  51  51  51  10   0   0 153 255
255 153   0   0   0   0   0   0   0   0   0   0   0   0 153 255
255 153   0   0   0   0   0   0   0   0   0   0   0   0 153 255
255 214 153 153 153 153 153 153 153 153 153 153 153 153 214 255
255 255 255 255 255 255 255 255 255 255 255 255 255 255 255 255
255 255 255 255 255 255 255 255 255 255 255 255 255 255 255 255
255 214 153 153 153 153 153 153 153 153 153 153 153 153 214 255
255 153   0   0   0   0   0   0   0   0   0   0   0   0 153 255
255 153   0   0   0   0   0   0   0   0   0   0   0   0 153 255
255 153   0   0  10  51  51  51  51  51  51  10   0   0 153 255
255 153   0   0  51 144 151 160 155 159 183  51   0   0 153 255
255 153   0   0  51 144 150 137  80 127 165  51   0   0 153 255
255 153   0   0  51 153  99  97 115 130 127  51   0   0 153 255
255 153   0   0  51 191 136  94 117  71 134  51   0   0 153 255
255 153   0   0  51 147 149 105 125 147 149  51   0   0 153 255
255 153   0   0  51 139 144 171 154 144 144  51   0   0 153 255
255 153   0   0  10  51  51  51  51  51  51  10   0   0 153 255
255 153   0   0   0   0   0   0   0   0   0   0   0   0 153 255
255 153   0   0   0   0   0   0   0   0   0   0   0   0 153 255
255 214 153 153 153 153 153 153 153 153 153 153 153 153 214 255
255 255 255 255 255 255 255 255 255 255 255 255 255 255 255 255

255 255 255 255 255 255 255 255 255 255 255 255 255 255 255 255
255 214 153 153 153 153 153 153 153 153 153 153 153 153 214 255
255 153   0   0   0   0   0   0   0   0   0   0   0   0 153 255
255 153   0   0   0   0   0   0   0   0   0   0   0   0 153 255
255 153   0   0  10  51  51  51  51  51  51  10   0   0 153 255
255 153   0   0  51 183 165 127 134 149 144  51   0   0 153 255
255 153   0   0  51 159 127 130  71 147 144  51   0   0 153 255
255 153   0   0  51 155  80 115 117 125 154  51   0   0 153 255
255 153   0   0  51 160 137  97  94 105 171  51   0   0 153 255
255 153   0   0  51 151 150  99 136 149 144  51   0   0 153 255
255 153   0   0  51 144 144 153 191 147 139  51   0   0 153 255
255 153   0   0  10  51  51  51  51  51  51  10   0   0 153 255
255 153   0   0   0   0   0   0   0   0   0   0   0   0 153 255
255 153   0   0   0   0   0   0   0   0   0   0   0   0 153 255
255 214 153 153 153 153 153 153 153 153 153 153 153 153 214 255
255 255 255 255 255 255 255 255 255 255 255 255 255 255 255 255
255 255 255 255 255 255 255 255 255 255 255 255 255 255 255 255
255 214 153 153 153 153 153 153 153 153 153 153 153 153 214 255
255 153   0   0   0   0   0   0   0   0   0   0   0   0 153 255
255 153   0   0   0   0   0   0   0   0   0   0   0   0 153 255
255 153   0   0  10  51  51  51  51  51  51  10   0   0 153 255
255 153   0   0  51 183 165 127 134 149 144  51   0   0 153 255
255 153   0   0  51 159 127 130  71 147 144  51   0   0 153 255
255 153   0   0  51 155  80 115 117 125 154  51   0   0 153 255
255 153   0   0  51 160 137  97  94 105 171  51   0   0 153 255
255 153   0   0  51 151 150  99 136 149 144  51   0   0 153 255
255 153   0   0  51 144 144 153 191 147 139  51   0   0 153 255
255 153   0   0  10  51  51  51  51  51  51  10   0   0 153 255
255 153   0   0   0   0   0   0   0   0   0   0   0   0 153 255
255 153   0   0   0   0   0   0   0   0   0   0   0   0 153 255
255 214 153 153 153 153 153 153 153 153 153 153 153 153 214 255
255 255 255 255 255 255 255 255 255 255 255 255 255 255 255 255
255 255 255 255 255 255 255 255 255 255 255 255 255 255 255 255
255 214 153 153 153 153 153 153 153 153 153 153 153 153 214 255
255 153   0   0   0   0   0   0   0   0   0   0   0   0 153 255
255 153   0   0   0   0   0   0   0   0   0   0   0   0 153 255
255 153   0   0  10  51  51  51  51  51  51  10   0   0 153 255
255 153   0   0  51 183 165 127 134 149 144  51   0   0 153 255
255 153   0   0  51 159 127 130  71 147 144  51   0   0 153 255
255 153   0   0  51 155  80 115 117 125 154  51   0   0 153 255
255 153   0   0  51 160 137  97  94 105 171  51   0   0 153 255
255 153   0   0  51 151 150  99 136 149 144  51   0   0 153 255
255 153   0   0  51 144 144 153 191 147 139  51   0   0 153 255
255 153   0   0  10  51  51  51  51  51  51  10   0   0 153 255
255 153   0   0   0   0   0   0   0   0   0   0   0   0 153 255
255 153   0   0   0   0   0   0   0   0   0   0   0   0 153 255
255 214 153 153 153 153 153 153 153 153 153 153 153 153 214 255
255 255 255 255 255 255 255 255 255 255 255 255 255 255 255 255

255 255 255 255 255 255 255 255 255 255 255 255 255 255 255 255
255 214 153 153 153 153 153 153 153 153 153 153 153 153 214 255
255 153   0   0   0   0   0   0   0   0   0   0   0   0 153 255
255 153   0   0   0   0   0   0   0   0   0   0   0   0 153 255
255 153   0   0  10  51  51  51  51  51  51  10   0   0 153 255
255 153   0   0  51 144 144 154 171 144 139  51   0   0 153 255
255 153   0   0  51 149 147 125 105 149 147  51   0   0 153 255
255 153   0   0  51 134  71 117  94 136 191  51   0   0 153 255
255 153   0   0  51 127 130 115  97  99 153  51   0   0 153 255
255 153   0   0  51 165 127  80 137 150 144  51   0   0 153 255
255 153   0   0  51 183 159 155 160 151 144  51   0   0 153 255
255 153   0   0  10  51  51  51  51  51  51  10   0   0 153 255
255 153   0   0   0   0   0   0   0   0   0   0   0   0 153 255
255 153   0   0   0   0   0   0   0   0   0   0   0   0 153 255
255 214 153 153 153 153 153 153 153 153 153 153 153 153 214 255
255 255 255 255 255 255 255 255 255 255 255 255 255 255 255 255
255 255 255 255 255 255 255 255 255 255 255 255 255 255 255 255
255 214 153 153 153 153 153 153 153 153 153 153 153 153 214 255
255 153   0   0   0   0   0   0   0   0   0   0   0   0 153 255
255 153   0   0   0   0   0   0   0   0   0   0   0   0 153 255
255 153   0   0  10  51  51  51  51  51  51  10   0   0 153 255
255 153   0   0  51 144 144 154 171 144 139  51   0   0 153 255
255 153   0   0  51 149 147 125 105 149 147  51   0   0 153 255
255 153   0   0  51 134  71 117  94 136 191  51   0   0 153 255
255 153   0   0  51 127 130 115  97  99 153  51   0   0 153 255
255 153   0   0  51 165 127  80 137 150 144  51   0   0 153 255
255 153   0   0  51 183 159 155 160 151 144  51   0   0 153 255
255 153   0   0  10  51  51  51  51  51  51  10   0   0 153 255
255 153   0   0   0   0   0   0   0   0   0   0   0   0 153 255
255 153   0   0   0   0   0   0   0   0   0   0   0   0 153 255
255 214 153 153 153 153 153 153 153 153 153 153 153 153 214 255
255 255 255 255 255 255 255 255 255 255 255 255 255 255 255 255
255 255 255 255 255 255 255 255 255 255 255 255 255 255 255 255
255 214 153 153 153 153 153 153 153 153 153 153 153 153 214 255
255 153   0   0   0   0   0   0   0   0   0   0   0   0 153 255
255 153   0   0   0   0   0   0   0   0   0   0   0   0 153 255
255 153   0   0  10  51  51  51  51  51  51  10   0   0 153 255
255 153   0   0  51 144 144 154 171 144 139  51   0   0 153 255
255 153   0   0  51 149 147 125 105 149 147  51   0   0 153 255
255 153   0   0  51 134  71 117  94 136 191  51   0   0 153 255
255 153   0   0  51 127 130 115  97  99 153  51   0   0 153 255
255 153   0   0  51 165 127  80 137 150 144  51   0   0 153 255
255 153   0   0  51 183 159 155 160 151 144  51   0   0 153 255
255 153   0   0  10  51  51  51  51  51  51  10   0   0 153 255
255 153   0   0   0   0   0   0   0   0   0   0   0   0 153 255
255 153   0   0   0   0   0   0   0   0   0   0   0   0 153 255
255 214 153 153 153 153 153 153 153 153 153 153 153 153 214 255
255 255 255 255 255 255 255 255 255 255 255 255 255 255 255 255
